68 00 00 21 26 01 06 0B 02 00 00 00 00 00 02 00 00 00 00 04 00 01 16 16 

68 38 04 38 04 68 
40 26 21 00 
00 08 0D 6B 

01 

32 32 00 00 00 00 00 00 00 00 00 00 00 00 00 00
07 00 
00 00 63 62 01 FF 
02 

EA 00 

01 04 

02 0A 
09 0C 07 E2 09 0C 03 0E 09 2A 00 80 00 00 
11 28 
06 00 03 67 5E 
06 00 00 00 00 
06 00 00 00 00 
06 00 00 00 00 
06 00 00 00 00 
06 00 00 00 00 
06 00 00 27 10 
06 00 00 59 0A 

02 0A 
09 0C 07 E2 09 0C 03 0E 09 33 00 80 00 00 
11 29 
06 00 03 66 63 
06 00 00 00 00 
06 00 00 00 00 
06 00 00 00 00 
06 00 00 00 00 
06 00 00 00 00 
06 00 00 27 10 
06 00 00 59 0A 

02 0A 
09 0C 07 E2 09 0C 03 0E 15 36 00 80 00 00 
11 28 
06 00 03 66 D7 06 00 00 00 00 06 00 00 00 00 06 00 00 00 00 06 00 
00 00 00 06 00 00 00 00 06 00 00 27 10 06 00 00 59 0A 

02 0A 09 0C 07 E2 09 0C 03 0E 15 38 00 80 
00 00 11 29 06 00 03 66 F9 06 00 00 00 00 06 00 00 00 00 06 00 00 00 00 06 00 00 00 00 06 00 00 
00 00 06 00 00 27 10 06 00 00 59 0A 34 16