 C4 03 40
 04
	00 
		01 21 
			02 04 09 0C 07 E3 02 01 05 00 00 00 00 FF C4 00 11 00 06 00 00 07 73 06 00 09 18 EB 
			02 04 00 11 00 06 00 00 07 73 06 00 09 18 F3 
			02 04 00 11 00 06 00 00 07 73 06 00 09 18 FB 
			02 04 00 11 00 06 00 00 07 73 06 00 09 19 03 
			02 04 00 11 00 06 00 00 07 73 06 00 09 19 0B 
			02 04 00 11 00 06 00 00 07 73 06 00 09 19 14 
			02 04 00 11 00 06 00 00 07 73 06 00 09 19 1C 
			02 04 00 11 00 06 00 00 07 73 06 00 09 19 24 
			02 04 00 11 00 06 00 00 07 73 06 00 09 19 2C 
			02 04 00 11 00 06 00 00 07 73 06 00 09 19 34 
			02 04 00 11 00 06 00 00 07 73 06 00 09 19 3C 
			02 04 00 11 00 06 00 00 07 73 06 00 09 19 44 
			02 04 00 11 00 06 00 00 07 73 06 00 09 19 4C 
			02 04 00 11 00 06 00 00 07 73 06 00 09 19 55 
			02 04 00 11 00 06 00 00 07 73 06 00 09 19 5D 
			02 04 00 11 00 06 00 00 07 73 06 00 09 19 65 
			02 04 00 11 00 06 00 00 07 73 06 00 09 19 6D 
			02 04 00 11 00 06 00 00 07 73 06 00 09 19 75 
			02 04 00 11 00 06 00 00 07 73 06 00 09 19 7D 
			02 04 00 11 00 06 00 00 07 73 06 00 09 19 85 
			02 04 00 11 00 06 00 00 07 73 06 00 09 19 8D 
			02 04 00 11 00 06 00 00 07 73 06 00 09 19 95 
			02 04 00 11 00 06 00 00 07 73 06 00 09 19 9D 
			02 04 00 11 00 06 00 00 07 73 06 00 09 19 A5 
			02 04 00 11 00 06 00 00 07 73 06 00 09 19 AD 
			02 04 00 11 00 06 00 00 07 73 06 00 09 19 B5 
			02 04 00 11 00 06 00 00 07 73 06 00 09 19 BD 
			02 04 00 11 00 06 00 00 07 73 06 00 09 19 C5 
			02 04 00 11 00 06 00 00 07 73 06 00 09 19 CD 
			02 04 00 11 00 06 00 00 07 73 06 00 09 19 D5 
			02 04 00 11 00 06 00 00 07 73 06 00 09 19 DD 
			02 04 00 11 00 06 00 00 07 73 06 00 09 19 E5 
			02 04 00 11 00 06 00 00 07 73 06 00 09 19 ED 
	00 
		01 02 
			02 04 09 0C 07 E3 02 01 05 00 00 00 00 FF C4 00 11 80 06 00 00 07 73 06 00 09 18 EB 
			02 04 00 11 80 06 00 00 07 73 06 00 09 1B E4 
	00 
		01 21 
			02 04 09 0C 07 E3 02 01 05 00 00 00 00 FF C4 00 11 00 06 00 01 C9 33 06 00 00 09 B3 
			02 04 00 11 00 06 00 01 C9 35 06 00 00 09 B3 
			02 04 00 11 00 06 00 01 C9 36 06 00 00 09 B3 
			02 04 00 11 00 06 00 01 C9 38 06 00 00 09 B3 
			02 04 00 11 00 06 00 01 C9 39 06 00 00 09 B3 
			02 04 00 11 00 06 00 01 C9 3B 06 00 00 09 B3 
			02 04 00 11 00 06 00 01 C9 3C 06 00 00 09 B3 
			02 04 00 11 00 06 00 01 C9 3E 06 00 00 09 B3 
			02 04 00 11 00 06 00 01 C9 3F 06 00 00 09 B3 
			02 04 00 11 00 06 00 01 C9 40 06 00 00 09 B3 
			02 04 00 11 00 06 00 01 C9 42 06 00 00 09 B3 
			02 04 00 11 00 06 00 01 C9 43 06 00 00 09 B3 
			02 04 00 11 00 06 00 01 C9 45 06 00 00 09 B3 
			02 04 00 11 00 06 00 01 C9 46 06 00 00 09 B3 
			02 04 00 11 00 06 00 01 C9 48 06 00 00 09 B3 
			02 04 00 11 00 06 00 01 C9 49 06 00 00 09 B3 
			02 04 00 11 00 06 00 01 C9 4B 06 00 00 09 B3 
			02 04 00 11 00 06 00 01 C9 4C 06 00 00 09 B3 
			02 04 00 11 00 06 00 01 C9 4E 06 00 00 09 B3 
			02 04 00 11 00 06 00 01 C9 4F 06 00 00 09 B3 
			02 04 00 11 00 06 00 01 C9 50 06 00 00 09 B3 
			02 04 00 11 00 06 00 01 C9 52 06 00 00 09 B3 
			02 04 00 11 00 06 00 01 C9 53 06 00 00 09 B3 
			02 04 00 11 00 06 00 01 C9 55 06 00 00 09 B3 
			02 04 00 11 00 06 00 01 C9 56 06 00 00 09 B3 
			02 04 00 11 00 06 00 01 C9 58 06 00 00 09 B3 
			02 04 00 11 00 06 00 01 C9 59 06 00 00 09 B3 
			02 04 00 11 00 06 00 01 C9 5B 06 00 00 09 B3 
			02 04 00 11 00 06 00 01 C9 5C 06 00 00 09 B3 
			02 04 00 11 00 06 00 01 C9 5E 06 00 00 09 B3 
			02 04 00 11 00 06 00 01 C9 5F 06 00 00 09 B3 
			02 04 00 11 00 06 00 01 C9 60 06 00 00 09 B3 
			02 04 00 11 00 06 00 01 C9 62 06 00 00 09 B3 
	00 
		01 21 
			02 04 09 0C 07 E3 02 01 05 00 00 00 00 FF C4 00 11 00 06 00 01 C9 33 06 00 00 09 B3 
			02 04 00 11 00 06 00 01 C9 35 06 00 00 09 B3 
			02 04 00 11 00 06 00 01 C9 36 06 00 00 09 B3 
			02 04 00 11 00 06 00 01 C9 38 06 00 00 09 B3 
			02 04 00 11 00 06 00 01 C9 39 06 00 00 09 B3 
			02 04 00 11 00 06 00 01 C9 3B 06 00 00 09 B3 
			02 04 00 11 00 06 00 01 C9 3C 06 00 00 09 B3 
			02 04 00 11 00 06 00 01 C9 3E 06 00 00 09 B3 
			02 04 00 11 00 06 00 01 C9 3F 06 00 00 09 B3 
			02 04 00 11 00 06 00 01 C9 40 06 00 00 09 B3 
			02 04 00 11 00 06 00 01 C9 42 06 00 00 09 B3 
			02 04 00 11 00 06 00 01 C9 43 06 00 00 09 B3 
			02 04 00 11 00 06 00 01 C9 45 06 00 00 09 B3 
			02 04 00 11 00 06 00 01 C9 46 06 00 00 09 B3 
			02 04 00 11 00 06 00 01 C9 48 06 00 00 09 B3 
			02 04 00 11 00 06 00 01 C9 49 06 00 00 09 B3 
			02 04 00 11 00 06 00 01 C9 4B 06 00 00 09 B3 
			02 04 00 11 00 06 00 01 C9 4C 06 00 00 09 B3 
			02 04 00 11 00 06 00 01 C9 4E 06 00 00 09 B3 
			02 04 00 11 00 06 00 01 C9 4F 06 00 00 09 B3 
			02 04 00 11 00 06 00 01 C9 50 06 00 00 09 B3 
			02 04 00 11 00 06 00 01 C9 52 06 00 00 09 B3 
			02 04 00 11 00 06 00 01 C9 53 06 00 00 09 B3 
			02 04 00 11 00 06 00 01 C9 55 06 00 00 09 B3 
			02 04 00 11 00 06 00 01 C9 56 06 00 00 09 B3 
			02 04 00 11 00 06 00 01 C9 58 06 00 00 09 B3 
			02 04 00 11 00 06 00 01 C9 59 06 00 00 09 B3 
			02 04 00 11 00 06 00 01 C9 5B 06 00 00 09 B3 
			02 04 00 11 00 06 00 01 C9 5C 06 00 00 09 B3 
			02 04 00 11 00 06 00 01 C9 5E 06 00 00 09 B3 
			02 04 00 11 00 06 00 01 C9 5F 06 00 00 09 B3 
			02 04 00 11 00 06 00 01 C9 60 06 00 00 09 B3 
			02 04 00 11 00 06 00 01 C9 62 06 00 00 09 B3
 